$ANSIBLE_VAULT;1.1;AES256
64653936653434643462313663373435633539343762373666363537666334373032343463653532
6664316161313131383665323066313634373133613232620a343136396332393561623565356265
37396163643136313730643332633132613963633134333133326138326663353930616336346234
6435623735356261350a336531376138656339336165626339306337363561333634333464663130
66313334346665663932363534343964393539636665323538396566303239313331666262643065
64646565353832613033303232323461393465656437396465376433353666333737353132363862
32313039326563313930333962393334633139656131633232303931373965646332376637396666
30383535326662383635356333323138363733303262343535393062373635333533383034616434
64343665396338633035313761393635393635373561363535326261343962333237323235373561
36373031356630613164376332346464356563653637663934643862316330663062613661626637
31393831666138316132383538313032323139613761303534366235613764623236376234666638
66356261363535653732356230306161316137366630636439316531626562386462303362653565
64383534396332363830663636663136613237653436333733616134663039653430393532376535
33373031326664623063303066666563363933616565343133643735373364316161343664346464
64313636323239303130313333663836326637353737386532653031383165633965623137623635
65626534326333613965333564306365343365643237623838303638313061653839333037653232
33383633366334333837633138653061643966343365373765346161336134353565343532323761
30663236326233623937333238306365383030333839316165356565623233623762663635613432
62393461323438376636326137663932633832623633333234643832376437663032353964633335
63303833343532393962343666663439396265646337613164396261613139383937343566326664
61323732373937383331646339653564386338353364663563303235633965626362316263373362
30643562316639346333386464393734366264643537643432313731353265336631653565323161
37613536343866366533643264626562623131303866613163333465666431356439303332373832
63346264663430313935373461373335663136383139643665656533356336613133656165653934
36623264316332613930623038356532363565613464313635393232396132386231366531396565
65313963393132663530313835623739663366393761326532336561663564373639663137643332
66366639373231373466316361656432386563613939643865366538643866313934343634326132
37363065613361313231646361376337633039613334396232373862313437663633316138626237
35373934396536353739333832383663313339383434313630306166336331656537333035306137
38626334396131666365623531303738663639646236643533623830383034363664623438343132
65346236643765363830323366366139626136373531623836646435363763386530313036623432
65353336646266636532663165643364643637326433623165356238663838633936393239626533
66373262613563303138393565393938326434393531303563393362613539346432396137623939
38346532666539313238363163643535373861643334323439663063356637393262373134376434
38353665383531333962623338653633643733303530616230356438616464336264666531333938
38316438366634386264373033393736306665633033393161653730333736643561303234363035
61366365376534346564386237326133343364623562653864363865626565303634666537333230
39383136666337393535343733303363626532333864376232353432383939653361636534366438
35316364663662336138666338636539363030653931623233616539616234333933633137383634
30303336303663313934326361373638303461356332376630333034643535373961373538653563
31316435616236316261636261653930636662326261313537303262613538646535376530643735
63646330306531646534633437383564613638656337336134616134376334333335356132386330
36653165613739366536633462636139303933316165333739663964626265636137306663313563
37353630326130326139643439393936326233323836363633623239396437336536306532303830
36353263633336333332376133636362303234616535363064383239363565653238626366373739
34333737336134613136323164373838353238303436636465613963666639373561633430363533
64613438656539386435343837336666366262616562346332383464306432363763323866316662
33366435373438333338373932613666333531333164363337333235353463303336643763383438
61313838356633653762633762616230643064336236386236383665633234613264636531353631
39316438653530353164306461643132666430333934666665613664376630313838363237346563
32353933393034386230646430663732613130353264663666343032666564343665656339646337
37303833353566373630653665396365653063646333366438623939633835623934353634386633
34646337626163343566656661663431373365376437633862643134656338366233313064363662
30303139396264326130343966306161616535326362616366623665343730353534356438373234
33656563333138613834376661623361613939303836396238346435326663313232373438333666
66653439323263656230663330383733393433653330393438316535376637386464383564333037
36333839396235316339383364613938653434346636353239326666346163356436643931376362
63393432633361373733623361306437386633376266613033633533666232366539366437373133
66363035343232616534343837306532613764613965623936343534656439306538343831633636
63616563656166316361393435316163393266353436303139353935333039373066666631633832
35663433636538666239386236343564636331653762636334346637653239626166313030343063
61616562353339646236656633383737326233646230363336613964333564666234653561646164
31393735653834346663666366353637343562663134366361356366373333356461613666653936
38326532303262653634623139656565636564616631303132623764653566333533393465633161
62316638313930643662613964356538346632663661303438386164643934623661383565356436
61316531663863643530663464303566353130653536306338613238666437386561643035316464
33353632303961333937653632343561313039623365643134653161303234643031386532633934
66636535363461386364636233363461663233313136653763396165653666346431313535646261
35626436393836373936343336393438666639393430366134333631363766633165353931633765
36346361383162303831383865656463373434313939613932373238393531633333366430303330
66356566343738616466666362623930623532383734653136396435666165663837623762393531
38653737613961643334626166366161656237633632663562613233376363396263386134363234
31313164343433653139646361386534633833373733363137363530303534343837336630356632
61633930333261663236663963383666653633376631643463323835626230623230323462393339
34333134326265376564386165643632306433303565646563363730356134306536313566376433
66393165333539363033663363353261313061663461303338623836323331373735363865303264
37393435613937333839363236383939633737343732643164663437353330363461333731323363
38646138373462343066393632353736656330333435356666613665396531653939306439636439
39393062326230383838393961353062316262386162333265353561373464623234656666316330
30363333636138653562353765656366636665636361353037393138303262366132303536363036
33373339613032346136333339623037643136346562643661343433343333636364646461323064
63323462633637393535333064653238383431383563643733383239303135663234613533376230
31383938663037363536363734656232643830346133336438373936303530323531396631643639
30303632326636316336616332353435656434633938626665323332626564346563316361303662
31313564376361303531613537386336363833633834333033376437663934613262323735663135
35336639393565313830613963303662353936656238383338653736386461316237623736666532
34396134373866643433343562303038353838363032323038323764626465363733383030306339
64353365343966633631363462343338313137343933306562613837643562386638343764393362
65376436363161653132616465383730666338333565373562373430346663316431376139303330
31326435383664636635646462326563653733363265636634616666386331336264353733303965
65616262343031666631383063626235613136346436643832633738626238376166343332356366
64303039333835396335323935663832316139343237313934336261333961336136356135613737
66646166353264383466343063356439326433353934653039393465313638653763363263346335
37666130336463666633643365626335633935383734383731313863376431366631333539326436
66353665353032313832346561353862663166386331353037336335636635383238653337306135
35333538386332623232643765313432313562646330343162313230316632666339646631396238
30636234393033306265396536663134383138373666653666373136366436366561356366346232
34613735663532373563396163623539386562383064653830353535303632313361636136376261
38383865656237303837653464386138343963616539343666636136323935663335393961626330
37353161643661343735633835333235343333393363373739336565323237636165613364323731
36353163666633636463343535316235343266373762646263343132316363333264393132353238
37363338666532393336306261613964366465346131383831616631383565616434333639353761
34303962323839306333646335336332363262623037666232346637613232386639376461336261
34316130333932623534626432323238316130396236643965323664646233633635346537633736
34613535316262353865363032616336393934616432303435666133373434643030633261666361
65643138393230636466343062306234303733393338333736316265303434393263613837316234
32663961663135316265666331636437616239666662343762326561306664323930373965376363
62396230326562613331623065613634393939663763353334396536303464613338613530613133
61303062613039646264626236633533373461613736333565313936636365303236633866653066
32363938306430666231313734386161333136623539643633653532643766653435343130363338
62626663613763633134346263663061656262333332333963393332316264613965633333323364
64336530313165336639633164653435623436343165326664643962633861323936343465633865
31373138326632393030366133663437306562393830643233623563323838306538653866633934
38376232646337373439663563646132616339366462333865303031633962303434643334326235
34656261663462396564366637333862353237316661343162666335386639663333396264303039
62366662636532663766643931623238643561653161623831613937313064383866646435386335
63363438366234316263323531373763623839613362626162356661363638393866376263323964
66316335363034346436646432383137383432373433666463373363353138613934636630623732
61633062623761623965636365666237383237643131633933366231386165363035626664303166
38396530633437366663393766323965643162663836343962646339326532313366636664373036
31396634333134313466623536393938336166363766323731376438393230633134323837336436
36623639306235343734333636373238393131663131643862306139633839333430623937656666
35383366326238313538653039393839326264336432336465346565616563303636656362343639
66356138333564356365666532633734393134323334626638333837626230343731633334363866
35636366633666366630653833653138633630366566653038643365363135373231376139333439
39666536323565336461323662623838363435666561306430653962393963303063356366653766
62346432313030656263303861376231353065313363333363383761373464346263313134363963
31363664373264303733333066323436653036343237373634666563343832653433636539663765
39363339353465613238653335333364646665356631616562636565333330623064363161666636
62316435366162613431613032353466653839643537336264336266316363663137613163383431
33373839333031396132353461656434316263306364316430656433393935336363326164353537
63343736346630623961333961303136396534326237376330656135613637616631393162653266
38643635386537373130346631323832633130353635623164613937346166383433
