$ANSIBLE_VAULT;1.1;AES256
61663031646232663863383030616235343638633737326439376661303230343864346665373462
6163316266646261373937353265666534303034376438370a393636633034373263613061616361
36383964653061376166353332343434666166666663343739666531663334316365366230613334
6561303032356630320a336130316535323565383861643130663464376631363330623233343438
35633663356630363363636364366264386635353262396135356533343430353939623237313562
37373235613038323563306161353262643163613837383866396536366333323965363664306433
66613530623731306461636364383366303331623065396234393739663262646531613232383266
62333061626366313935626232343432336264343033663264656162633930353662616339656432
64663964663934383662633433386565336165373930616463316134373334343335306335623638
30393739616536616266393566666264386261613865356563623435366238636435633366666431
36633763376261663162363137666533346261376430363866393538653030306430316335646366
31333563396531393462616162663630373131356634383832366632626664383066633535366365
66306566623530336439653232346233626232383062663030396636623761313362366533353964
38653634663961383261346366653236613139323762386231383136376461636337623230393961
38623231383665386133333032623037633330663266303535623634313432326633336165663030
34616563393734353336393432393664343536613736666438343532623732386164616364383237
31373062313264376663393337363864626535383738313365653032306139333266666434323330
39396532636464333036353830373936373362393762383330613932313462636331343930323164
66656562303730623361383835353364633530343536323738643362656162663130646336326339
33396465323536353630313866643737656138643234366162643430663965323636363862363739
37356131613536326661616435396566663633366664376366373566326232333266373165653839
33623332316238326432346435623733613463336364373238353563653736346463663735323132
39343431313132636236656536373637343236613935303037343135663432323231373161613366
39373132386635396231656235396366313961636437313161303034333130653637376539313762
62313331656131333234333665636661343761396136376637346636636665626636366635323264
61623939363166383466633165343337343136653637646333353163393332386565353463623736
61353830313562346630303434643934346335393032386566626161303730366632636332613266
37613333313038313537386166646338343562643963373433313832306339333836306636303665
62643931393334393436646261666365663236336439313835346161653438333263333634323265
63373366313835313431323637343466363565646163323161373433333238633739666631353838
37353432303963616162373736353638366630653538393237316533333265666335363036373264
31383964336130396534643837373336313265336563623163353939376139306163386465343936
62663664373638613336616332316566653739373262313438376632303031373934356662663537
62363261646533653964313332373438386239613630326135323864646232366264306236363531
62356265663735316636643938626165333363653431633238616632366564656165646639326336
66643630626132373063343838333238393961303836633964623036616534613935373130363461
66666635633065616164366431646535336161333433623437376166303861373564626563613435
64353839386365633961633230353062653662353737326565626562643338663832396431336133
61623261343165616638373337363335633737316536386538343161383061323936316534656566
61636637306365616166353462373432313237656163656238373262356432356263373539613962
38616163656562366364633861356233623438343062376261313537633166363866623763303732
39393433636234316266366262333661343763303939663334393935633466326338393363393433
31373063383137633033636230636562313461316565386165653933313366666465373331386533
63393862626333373937313637616537663036353162393663313032306138643365643065643162
37396563306335393565303335386164353164303631333962653339336266313166626233336231
61633966653162663734633639363933376337663336613361313935633466636233323434333765
36333439623134396633313533616166356632363661616463613633653766396538633433323364
66386465313865376139326638616632643134366137306662393665333635633534663264633363
37366633333865343234613731363739353235393233353435316364313861333731626530333366
30623562316533316563306537363565303336363861633636663932396336656431396565653033
30386132386561663036656165336361643665623338306365353333333161643564306637336334
36623662313639393963343861663062383336633661373464633665656339333433636462656436
39643864623931303436343662643436656236343530646166326562383161663033623631616637
63653539316237626536366531333635626565386163323665306236306165383366633337616430
31346363633131386433643164366564383034306230353138633964653562313861633265643336
36323161643238356530613938623165623936303533393763666533353861323437393333366130
39656335346236636362393734333263626233346430666535303330393531376234393032343962
62343139643338303839343336333964663162356364356137376630353232306337626362653832
37626136326538323030643333626334376562613830393035373630643830646466396132663437
34333732613439636238393662613661653132633934333536313336336135396164316563633235
61333464353063613963663239303465346434636235363263313538333638646330643262303666
66343134313234393066366631646466643532333962303639633234643866313637663637613035
64353336393963613264666533623231623935343462623161333731363864313865373137363962
65313765376463663664633237306236323439626635623662656536633633356430623236363036
31626163663430613134373631366530303834393762616261303863343564396638636438356666
62356566303665633730373466353364323732323761353037346265376162313036663533396464
65356262366136623965646237373761353536366265373636383661313334363135343536636136
34366662313464373638373535303335386234353461653530373037316533666635663137343332
38303533326337646565343437356436316162313137393330383630303461353937353365373761
36373862393036653232623637366537373764393434616464393839643238343636663535323537
34396635613731326636643138343266343736643262333339306561633536636639666563656432
61613333666434373165373562386534613539336134643764333163663061336463336232386139
32613232386362316263643666383537386438616563336466613236313962393066323636646632
37636565636530653061616139626231616536376361333438363663373662363632643266383036
61353865353963646333616337333762386133653436363265386165313265343664663738303634
39633336646131386432666639353237343833386164356237656232343737626464653835623766
30396638646339343934386133653166383031303637343039643136326665316133653530366564
64386135323631336266663735643864366435323762353138613331336630663764663035636231
62343037663636303861663065643030393231633233313064383735653938356262326262356230
33336630663732363537386637626131666261393264303466343937633937633131373630323135
63653636323266303733646334363565343533323235363563643139633962643230656163343237
39656630306636356133366231363863633837333062656163633632306564646161386162356466
35356161313736623938613537636232356636613866386265346232333030613739663266306636
31373235626238383766363638383538623665363231393662633464646561336263376466313433
64616161373066663835623732623463353964633664303166333931316635663630356561613133
36646634326238653436373535316665386236363365633539323761626563313138653262396632
36326562373834303731613535653134613865396231633166386630633135363164363937383335
65663966643262316465
